T_c = 309.548; % K
p_c = 7238000; %Pa
a1 = -6.8657;
a2 = 1.9373;
a3 = -2.644;
a4 = 0.0387;